start=11161.761435
speed=0.980000
volume-restore-data=softvol:100.000000:100.000000:0
