start=34731.484271
speed=0.980000
volume-restore-data=softvol:100.000000:100.000000:0
