start=0.000000
speed=0.980000
pause=yes
