start=654.360000
speed=0.996505
volume-restore-data=softvol:158.000000:158.000000:0
