start=93108.864533
speed=0.980000
volume-restore-data=softvol:60.000000:60.000000:0
