start=187.300000
speed=0.980000
volume-restore-data=softvol:100.000000:100.000000:0
