start=638.368078
speed=0.980000
volume-restore-data=softvol:164.000000:164.000000:0
