start=9.600000
speed=0.980000
volume-restore-data=softvol:86.000000:86.000000:0
