start=0.000000
speed=0.984123
