start=204.760000
speed=0.980000
volume-restore-data=softvol:190.000000:190.000000:0
